# radius_z_6.50 flux_z_6.50 flux_scatter_z_6.50
0.7410479066835018 165.909655294733 54.10899591107214
1.6570334939282307 165.91043511775501 54.11170469326697
2.6718862251226194 165.91290079415387 54.111010334293724
3.7052395334175094 165.91264328512955 54.1057929996479
4.745021812384007 165.91319530158222 53.29267314032138
5.787769173006125 170.92145439131002 49.38246873831085
6.832124120652376 159.70693310970654 39.444978675446485
7.592103287511748 121.88105730739541 15.35718888518554
8.285167469641154 88.92122405318062 10.738718453968517
9.633622786885525 63.064670431491585 7.680390201072535
10.34803477776494 44.79459312009917 4.508172515112843
11.311605367939602 35.62992683622898 2.855471326538528
12.422226531503926 27.67999129063566 2.047514622682034
13.359431125613098 23.024583634302175 1.7700678527799238
14.388547668197788 19.571697073849986 1.4104357177232476
15.56200604035354 16.18012993461318 1.012745208928297
16.453933754576745 13.95115967121675 0.8877162679499248
17.489358593156012 12.2223087457036 0.7732079543340633
18.526197667087548 10.373306370063279 0.692476586187007
19.50792572943329 9.111188486224403 0.6780065218560953
20.549887785581703 8.179918296983248 0.6481489867924702
21.541435421067 7.1603285115016355 0.5720986882334053
22.538092199651683 6.473506498821639 0.5572585837556246
23.585821503606784 5.844754155086424 0.48846148036617093
24.63357383734646 5.244417842855763 0.4498093907989708
25.55272447313593 4.779737445936469 0.409336250794059
26.605580767951675 4.268197210598624 0.37662305706213095
27.57853368110785 3.87570201533487 0.35047156531611334
28.518311871497584 3.5556271436835196 0.3244784410965204
29.614113932380285 3.211778416843914 0.31245938125630696
30.491217358446022 2.91421352819719 0.29330360016441903
31.448732120707188 2.6872238688591854 0.2700841590143824
32.44569675845604 2.455418354717053 0.24633237437462557
33.47863844304305 2.2407072504198697 0.22296277009635457
34.48063340485496 2.074600910547682 0.2169769399696408
35.5007549316636 1.8889441628130865 0.19784903198801165
36.46226805891263 1.7426943894343028 0.18181140047205555
37.41374677842357 1.6174279914120318 0.18054009212478112
38.513108833227164 1.4882573982457865 0.1640393433325418
39.442966622707274 1.373920788461916 0.1554815726006551
40.514384211042874 1.2833863432621684 0.1435691864498671
41.51852542004708 1.170899763916695 0.1370957550078053
42.52478731281322 1.0980072940568588 0.12711274051868512
43.520400365805465 1.0220844301432765 0.12170773799855769
44.55540739450961 0.9460179240529517 0.1105834339812423
45.59101139479141 0.8902159424588414 0.10894593118201591
46.6389437273187 0.8223781516216953 0.1057206873132176
47.54848315618584 0.7643439621511345 0.09525511694643125
48.50893031185083 0.7202678275748202 0.0932614593532444
49.53948211275528 0.6671344057087842 0.08546660782866268
50.50555454601009 0.6247367145193237 0.0771318341187936
51.47483268549787 0.5899617051852882 0.07595057470801114
52.48900441044772 0.5527038613316628 0.07057823660944329
53.422307550310855 0.5167408065675064 0.06649653883927473
54.400184999685436 0.48678487275610416 0.06295538336145781
55.38062765985955 0.4571898171264997 0.058822805124257166
56.363501665528204 0.4286959619590506 0.0576246007306003
57.42523626420705 0.4065695701946124 0.053354233216280605
58.486475428085086 0.3800722427735491 0.04832229296162552
59.39950841547429 0.361493624094706 0.04519222834143744
60.42608416900768 0.34535789881448353 0.040783591839472944
61.50697625473066 0.3200472810843947 0.041332046037829355
62.463789190218044 0.3034065714433321 0.03956544612162877
63.51001054951889 0.29276346067861014 0.037870133401239826
64.53927424444747 0.2763339712677655 0.034712368892968797
65.55237905675125 0.26711349133670326 0.03342592669044824
66.55006296015054 0.251630873290412 0.033077387907809494
67.50047513906847 0.2383804989078192 0.03161420090031096
68.50185282165731 0.2317361057097373 0.031778640844077596
69.61513053927285 0.21656856972144695 0.0291824326981826
70.53982047042649 0.20774961420057725 0.02752849348056693
71.56006148683775 0.19990569707241984 0.026640827880423414
72.58109351614924 0.18855321681287596 0.026997425453681945
73.5132969740849 0.18204601736148357 0.024691922433597017
74.55177658513578 0.17428903367806542 0.024621363271744006
75.52509849229334 0.16569836040954494 0.02445782263188952
76.39984691084139 0.1586002996406169 0.023341631404449174
77.48470052855596 0.1558292343808832 0.021813383111039142
78.5126180941637 0.14568349080344278 0.020675221064890056
79.45816851652195 0.13850142173830005 0.02147571275835273
80.46087824526899 0.13594158026268732 0.022568810038540513
81.51863806516887 0.12786834573665912 0.0188342440104187
82.4696763665288 0.12260164516217173 0.02112013793165283
83.4756834533267 0.12091739365341295 0.01857717523550903
84.50870819033977 0.1148042194064195 0.018673264149433433
85.50357054532869 0.11076098905018585 0.01916942255287032
86.4996878607085 0.10443655683851123 0.017662586561640273
87.52211862152333 0.10047337617635141 0.017618633512842614
88.55755028228818 0.09846473415885373 0.016996757087962104
89.60553215064347 0.09370283126590322 0.015460615235456969
90.55653933317019 0.08915860769766346 0.01484527745469255
91.49766248380338 0.08823374882598273 0.015653555431054577
92.5716855199256 0.0838731716314495 0.014532607236261255
93.51601787929168 0.07921201640958811 0.014229789151245148
94.5090327958127 0.07880324976360459 0.013045019092292788
95.51472229975859 0.07417724340378816 0.013264952034568803
96.47578581177765 0.07331555939937301 0.012726139889483989
97.461182754982 0.0696938228064944 0.013788080956702087
98.47018261382478 0.06724424272013677 0.012076707715652946
99.435817289345 0.06524184847620465 0.012275085560568971
100.42497936270638 0.06382039090407665 0.011684035160015068
101.49110337364552 0.05982608131095356 0.010549293547271686
102.43898461035232 0.05959149732559357 0.010850663663698173
103.4419002145649 0.05821830533914811 0.012111493344000418
104.4982656315405 0.05456743168683087 0.011896441764535949
105.43994613048702 0.05493458195737365 0.011229481377291649
106.47649055073143 0.05180362974415577 0.011128266385850075
107.482606146297 0.049603657429727346 0.010882044087442188
108.49963789801328 0.049209220428451744 0.011403598260927954
109.52728171556163 0.04645483413796027 0.011276136521866834
110.55530771518843 0.044073127234892914 0.010124553996217936
111.48523317462273 0.04410864146376306 0.009772122743033948
112.52465358311485 0.041721916465143435 0.01011969947944848
113.51586532287018 0.04041053950219095 0.010270458194125445
114.52726976576365 0.04016108831783343 0.009429460277068048
115.52982021971644 0.03815114925506083 0.009426864191980125
116.47660778027492 0.036545301697472644 0.00903593619412665
117.48122069505408 0.03579556032172423 0.009917118649214842
118.4865852322532 0.03342468969251323 0.008352616085526277
119.40993124526956 0.03238155016461572 0.007725292552070905
120.41743461808178 0.03347761123853747 0.008206929977522651
121.47084048445537 0.03146280059316518 0.008369187846751117
122.43448102556731 0.030846438263469417 0.009355554957315352
123.47957434328966 0.03058215726902453 0.008211222405741202
124.49825380301525 0.028384896215878863 0.008184394971713246
125.46490377790914 0.029040772045783012 0.006976709008815342
126.46759268682234 0.02729990909950747 0.008228657409819725
127.48824159113656 0.026737896708800342 0.00870978933851915
128.5093307740726 0.02618689477437236 0.0083321333560361
129.5308498235073 0.0250241844026306 0.008204432120983558
130.52754805021047 0.024124364038987475 0.008050026913944833
131.53339408682498 0.02423307205964268 0.007868363715715202
132.57303556907792 0.0230548648190066 0.0082345707925278
133.56347824162114 0.021882354150186377 0.008109352403048211
134.5547928837914 0.022774240337400192 0.00760332973886355
135.6036677970032 0.020943958893562764 0.007060669439857891
136.5399620916895 0.020438888474927093 0.00769128475381338
137.5577350206087 0.02048397357410674 0.007791629826642623
138.53632465169562 0.019003125601864623 0.007286865141062138
139.50017714684094 0.01908576850053466 0.007214390965785725
140.51214131170306 0.01874069038182139 0.006573073434994651
141.470295963499 0.017275424378582933 0.007217448262663931
142.4297161128955 0.017156415323444505 0.007256242890517755
143.4746065336999 0.017578865165822077 0.007268970164972385
144.50434180328287 0.01665608514961312 0.0071097328770203345
145.4890505845715 0.01626185248437676 0.006337509899785752
146.4671392497307 0.01571416701470156 0.0064738085080932395
147.49832129214218 0.015688897163598357 0.006007463255998572
148.47057092905652 0.015661197268005623 0.006301735412028785
149.49528067467548 0.014694935791941886 0.00696680134968394
150.47652446810434 0.014459707111598212 0.005765414514859136
151.50216547627298 0.014848666645752889 0.00683663493348827
152.52811045836765 0.013793638835799885 0.00642266369316287
153.53289419534826 0.01342359637466083 0.006323744650977643
154.53825198959643 0.013272462317031606 0.005980988698783011
155.54417270987688 0.012809789447293274 0.006846126420466045
156.52959715018756 0.012327447180858937 0.005698662065510403
157.49491003838824 0.011856951804012169 0.006120260066620371
158.53749678861465 0.012072194596426517 0.006260766585570794
159.49754355475196 0.011072326552883049 0.005839321176086184
160.4997544172576 0.011784588110095225 0.006071924119864745
161.488944909551 0.011469128688464492 0.006345356002477915
162.45859248436201 0.010310356231608102 0.0061002507874510755
163.44936723034445 0.009439339341384152 0.004893220781894366
164.45754814191392 0.0103277535208702 0.005732337220099182
165.4197539836159 0.010082864373677001 0.005725585509720092
166.45229303316913 0.009651152207196988 0.005277100426167889
167.4850240140818 0.010021664414982694 0.005574137594868645
168.4527568667251 0.009636111884017555 0.005366130990637623
169.48625893564352 0.008638712416648129 0.005932079991845652
170.48128812277318 0.00890999426498529 0.005800479694308978
171.47054333616606 0.009073901720343454 0.005451596961862837
172.51143247912586 0.008317945817586676 0.004525638510677725
173.4827811628578 0.00802977411356487 0.005282754785538486
174.51166856115955 0.008346150534048954 0.005245553892446284
175.54703866485474 0.007948045076768079 0.0051842133897483725
176.5265709178083 0.007811655489129328 0.005452609723080558
177.52544642388597 0.008215920223026387 0.005540707900565748
178.56179398740372 0.007567979974221542 0.0053705158066294795
179.51875979963768 0.00790197058255142 0.004569898008075693
180.51933090946244 0.007292410527083964 0.004724877717787045
181.55673713745793 0.007399515022518214 0.00473274200809854
182.47392475638816 0.006727040612437795 0.004930353559126322
183.50626635622012 0.007041138207809015 0.00537696821183326
184.52092876419195 0.005917989864363494 0.004579475369644554
185.44122355075206 0.005728787559611646 0.0048010201729587285
186.48069712439408 0.006297634907199321 0.004325126182406602
187.50855127166867 0.005871458566903616 0.004771477611124185
188.5016715045254 0.0058973023960214085 0.004865961186228962
189.4837906312833 0.005761975372373013 0.004485469718513587
190.50120713528304 0.00558740381110793 0.004006359110711926
191.47307035716537 0.005892924304921492 0.004299807779373754
192.53131958679495 0.00528894050238919 0.004580612637938134
193.50433876272646 0.005594528063257978 0.004742625611432064
194.5120185078547 0.005545383218392751 0.004219113862402221
195.53697348583466 0.005682258682531843 0.004259820163838634
196.51746589043935 0.005323250852129822 0.003909732358925541
197.54869495898978 0.005233437973873881 0.004369592855879342
198.55244377242 0.004693727742505656 0.0037510466748388047
199.54013571209177 0.005121195143087769 0.004473952742592642
200.52843987823775 0.004738631383482127 0.0038187015889177226
201.5500456363134 0.005333164033813778 0.003707693603917564
202.5014254172054 0.005160566014181242 0.00443181578794054
203.5239204811071 0.004670611381190959 0.003522954323329647
204.5305647183325 0.005297601386402599 0.003540155193036317
205.4788347251366 0.005208797830737323 0.0039061400594656353
206.49190550721354 0.004626658904670308 0.004013880049570303
207.50003019754922 0.004638283012887977 0.003828457708170793
208.46640454519283 0.004680603606300455 0.0037190757581939773
209.46502654142532 0.005017520546424643 0.003766498223840957
210.4693471268441 0.004742532047749054 0.004156662276988887
211.45851035132165 0.005342233600984481 0.004362860246926168
212.46891575004568 0.0045100817609587795 0.0037024967925206997
213.50026173286065 0.0048359096753654 0.0037940630866125833
214.48568832441944 0.004693145313181058 0.0035946711163294368
215.4971899584772 0.005121853697394633 0.00399564319289132
216.48874668213125 0.004567475182848465 0.0038859122428662484
217.47578255980596 0.004652516412448616 0.0033676634624725905
218.52370686952938 0.004538300462170552 0.0036727944541995188
219.5015923040195 0.004600995395984048 0.00360371684817308
220.51498916853703 0.004349236551716827 0.0036451059361617337
221.52870802674764 0.0046339011967974145 0.0033803375020956413
222.5081950490813 0.004364923879152535 0.0031594850907777187
223.51287411690632 0.004479663140635495 0.0033190512519858575
224.53751572510106 0.004505000736020984 0.0035111892697702123
225.46983855052542 0.004612388985999883 0.003436395179731712
226.50502334385433 0.004478773081146587 0.0035016819942927206
227.51618991183904 0.004177991424685374 0.003552610403969604
228.45558700106244 0.004211006943938993 0.003623093620544823
229.4725169521804 0.004420744666835773 0.0031818662729062946
230.47066451069213 0.004545558695482144 0.0031682965587704185
231.48348689269392 0.004743652572660217 0.003443492393757695
232.46355103542578 0.00435696390260615 0.0032662108855952667
233.47243235979704 0.004382373964831897 0.003166353705933826
234.46760451712728 0.004534182108704242 0.004106147195449743
235.50521128841288 0.004414610353929529 0.0033873585071493373
236.49182954174125 0.005348015726482374 0.003499992791997968
237.4835984905063 0.004893718413450867 0.003108088234182164
238.517294433758 0.004836018673488778 0.0039443806772958365
239.48233217504796 0.0046377690294267925 0.0036409918774773257
240.52570350796194 0.004965477445721075 0.0032359677789885214
241.5782078251265 0.004955358872981411 0.002941067323758816
242.54465155925413 0.004511012836124542 0.0038679076878018496
243.53432027539776 0.004549789036391053 0.0032763674007475424
244.56040512689611 0.004577769060080013 0.0036130075954169225
245.51511008489885 0.004675055962434326 0.003368804016221858
246.51958559108442 0.004802604531395714 0.0038453011983495557
247.52664048078145 0.004709799494762138 0.003400954373698716
248.4854189364036 0.005043122627631343 0.0037876933030502684
249.51315213431135 0.005125637688516208 0.0037100110931718114
250.4906352036822 0.004990618353945998 0.0035209657551527776
251.45995116519055 0.004989647573385667 0.003859473776035682
252.4755764504757 0.005014026429381984 0.0032081742196123798
253.4611344984141 0.004858207568716589 0.0030407745847872074
254.47740489088613 0.0051455557575029055 0.0034085428891794277
255.4853339665508 0.005255902102465382 0.00372611235235335
256.48287894271175 0.005193280578191197 0.0034830148665510904
257.48935592758005 0.005020395711588593 0.0036054164855627213
258.5025360030342 0.005515950394523272 0.003503761365711753
259.4990635821255 0.005333429855891371 0.003186887094074196
260.49599514771813 0.00540050176367305 0.0037006046302257233
261.50172618933135 0.005340201004928076 0.0034728883814378964
262.5203392958344 0.005084962679412839 0.0035117675192194524
263.5350152977779 0.005427700344444869 0.0032778785425889396
264.55825418232564 0.005039625487088529 0.003309746539564199
265.51964694161524 0.005346808955142214 0.003670628448619361
266.53114615744255 0.005388461205425698 0.00378058518402079
