# radius_r_10.50 flux_r_10.50 flux_scatter_r_10.50 radius_r_11.75 flux_r_11.75 flux_scatter_r_11.75 radius_r_13.00 flux_r_13.00 flux_scatter_r_13.00 radius_r_14.25 flux_r_14.25 flux_scatter_r_14.25 radius_r_15.50 flux_r_15.50 flux_scatter_r_15.50
0.7638546982247344 146.29218144931562 5.411594160317433 0.7638546982247344 146.78582682313305 5.229055743750648 0.7638546982247344 146.2454200184318 5.887669729055158 0.7638546982247344 152.449155205573 74.62664836351256 0.7638546982247344 98.56682915750874 7.612711627959357
1.582879022540889 146.29211246821947 5.4117665402449395 1.4936298068798708 146.78589603802237 5.229191816231663 1.582879022540889 144.02083768406447 6.022222238210773 1.582879022540889 27.48510381780757 9.224728256543525 1.582879022540889 10.358920299561088 2.816490961982249
2.5198353120789463 145.64192196374077 5.859973768489412 2.54678847317692 56.54793546326036 23.221111026666964 2.5737416342748936 14.464714003874128 3.930651474604531 2.5198353120789463 4.7979418083568275 1.5705106756851497 2.5198353120789463 1.6090814843208563 0.5078298198436767
3.5394250945598498 46.549639317018304 13.925829096941015 3.5394250945598498 12.825253838538927 4.341417312827974 3.5394250945598498 3.873136171049625 1.0756740780810725 3.5394250945598498 1.219926071104933 0.3872064125417755 3.5394250945598498 0.3982101546004345 0.12849044031102602
4.541753185720246 15.676180380248306 4.512202561429434 4.541753185720246 4.452207357867858 1.323725247197436 4.541753185720246 1.4379165317751266 0.406557660992863 4.541753185720246 0.44213050884236815 0.11999834707547692 4.541753185720246 0.15109705903478865 0.04764048005374858
5.560946142519275 6.87968410526256 1.8809670827639684 5.560946142519275 1.9744548680130705 0.5070431915623148 5.560946142519275 0.6552931775060032 0.1556262649285719 5.560946142519275 0.20232829394309976 0.04984861823975472 5.560946142519275 0.07172910889023029 0.02034491781105855
6.515850980493646 3.4063570583791165 0.905918986445744 6.515850980493646 1.015937443566795 0.23747948442758457 6.515850980493646 0.33666750344833873 0.07537125144552587 6.515850980493646 0.10455862864347526 0.024982040660939175 6.515850980493646 0.036978042631203946 0.012120047797906727
7.495673018482064 1.9028669308109434 0.44002554557457935 7.495673018482064 0.5858195700296625 0.12121753673479078 7.495673018482064 0.19677757977119192 0.0374400542774854 7.495673018482064 0.062434131853532776 0.012862272686782486 7.495673018482064 0.02210223619104472 0.00823777671626678
8.52406440613866 1.1963375860603311 0.25389302434545097 8.52406440613866 0.3747501547031556 0.07078340566120431 8.52406440613866 0.1261534676786083 0.022586039413419034 8.52406440613866 0.040294089196582825 0.010233548279242827 8.52406440613866 0.014074034803244748 0.006751658724337827
9.51352269141142 0.831384908520884 0.15197406493606483 9.51352269141142 0.26050244763084984 0.04358649557473867 9.51352269141142 0.08808838948358608 0.014525760257535159 9.51352269141142 0.028431555750843867 0.00860845080017224 9.51352269141142 0.01031529468199999 0.006692226605174728
10.50780062620147 0.5919408368158079 0.0937485748657929 10.50780062620147 0.18895721216213918 0.028515726324318334 10.50780062620147 0.0644691095050653 0.009399980946134182 10.50780062620147 0.02213170290114746 0.007043224905801827 10.50780062620147 0.007326630383895503 0.005048212931571984
11.517574831534633 0.4317970554652374 0.06736206275565637 11.517574831534633 0.13953179881016178 0.021032729431233792 11.517574831534633 0.04722040296826013 0.00736549808497231 11.517574831534633 0.016564913401915078 0.0075321415014525436 11.517574831534633 0.006352837941289291 0.00571029552153229
12.495230209964122 0.330464976839542 0.047613545625278246 12.495230209964122 0.10627829274608241 0.015078476359401198 12.495230209964122 0.03629585072495854 0.007457246415448428 12.495230209964122 0.01265580554898297 0.006788104884971798 12.495230209964122 0.005004186253155031 0.004978955662678242
13.508888703368608 0.25814775272550117 0.03805220786930416 13.508888703368608 0.08304011546851714 0.013333391016420148 13.508888703368608 0.028797349280323306 0.007093125781822366 13.508888703368608 0.01099342173404784 0.007049590982278909 13.508888703368608 0.0033864994446469454 0.004696547167832297
14.496675494560044 0.20762038674610353 0.029045297700268126 14.496675494560044 0.0663630160975798 0.010041648608210735 14.496675494560044 0.022820878713849687 0.006252587816698775 14.496675494560044 0.00900133084856453 0.005733539321912501 14.496675494560044 0.003666633379990951 0.004941415084251069
15.514515332423377 0.1713302997499457 0.022584470523885777 15.514515332423377 0.05522433231474766 0.008937469571215167 15.514515332423377 0.019792523551102118 0.006307702389825535 15.514515332423377 0.0071176084383211356 0.005589593728592221 15.514515332423377 0.0030338125450914384 0.004988565106069728
16.49664020338687 0.1414609995448777 0.019841023607536448 16.49664020338687 0.045124905152532625 0.00613054924481331 16.49664020338687 0.01616570448173736 0.006039183128832346 16.49664020338687 0.0060366438783845885 0.005633042199794446 16.49664020338687 0.003798212691104809 0.0045153610020062076
17.50603147489459 0.12017705507226562 0.01783407139869106 17.50603147489459 0.039128803407061805 0.006646896865659208 17.50603147489459 0.014546639136135726 0.0066653171388174545 17.50603147489459 0.0063436377828217 0.0057935782705993005 17.50603147489459 0.0031145597293136887 0.003941066926079537
18.51044360791916 0.10366706217607774 0.014890893866405451 18.51044360791916 0.03375989803587749 0.005889545720750572 18.51044360791916 0.012722640858290227 0.005193006094799129 18.51044360791916 0.005288124250873357 0.005405723154925097 18.51044360791916 0.0026370297827262284 0.0049195019750529895
19.512404926097656 0.08943374509192341 0.012248258083328847 19.512404926097656 0.029176526326577176 0.0055827644644036506 19.512404926097656 0.010874628395520834 0.005875344579214485 19.512404926097656 0.004703915350744345 0.005056668172462687 19.512404926097656 0.002632534331266494 0.004695923977794563
20.503906408292053 0.07945261875145695 0.011623635690919992 20.503906408292053 0.025514042393689956 0.005193511238404535 20.503906408292053 0.01004385779019084 0.004915561750899307 20.503906408292053 0.004353257898525059 0.004626244293203803 20.503906408292053 0.0027851079199754584 0.0043218579527560365
21.510343604879957 0.06775414717138772 0.010976165665119652 21.510343604879957 0.0230689985782291 0.005355782948566034 21.510343604879957 0.008907624790018009 0.004618587556792161 21.510343604879957 0.003907532688648903 0.004196782449112748 21.510343604879957 0.002541563444495999 0.004408829127314677
22.508377151629567 0.06010001310981786 0.009877117352660293 22.508377151629567 0.019965003421463692 0.004453632315227942 22.508377151629567 0.008110406421687739 0.005095589181903083 22.508377151629567 0.0037231608547194962 0.004743541019759531 22.508377151629567 0.003188945951559995 0.005292507965048638
23.51075945179143 0.05307748146185601 0.008793340621370759 23.51075945179143 0.01723490552361808 0.0047751349449619215 23.51075945179143 0.007964121222308567 0.005229837656399002 23.51075945179143 0.0032480982306320443 0.00419565203786275 23.51075945179143 0.0031849149515003903 0.0049407679934566125
24.49735026487559 0.04784322376845664 0.008303961444673076 24.49735026487559 0.015210976246592539 0.004684258911300737 24.49735026487559 0.007126495688087987 0.004226745568289052 24.49735026487559 0.0031397735159641787 0.00423145683441403 24.49735026487559 0.003078948406380417 0.0046191697134964314
25.499613526483103 0.04345457305618124 0.006871102452807545 25.499613526483103 0.01440359966607445 0.004470935627664888 25.499613526483103 0.006037571684662328 0.004253983172946357 25.499613526483103 0.0028727164006160646 0.0042253965894368155 25.499613526483103 0.0028426848155992442 0.004395228869513426
26.502824943767788 0.03929350906060225 0.007592091933151032 26.502824943767788 0.013690834947910444 0.005141470916820022 26.502824943767788 0.00615095099450896 0.004250388125932243 26.502824943767788 0.0029444654271550794 0.004265310641630704 26.502824943767788 0.0029735218250560016 0.004056024474400137
27.49440033897812 0.036185139551014114 0.007145632620696368 27.49440033897812 0.011605607363261237 0.003665967585360834 27.49440033897812 0.005481222450125344 0.0038942521923671525 27.49440033897812 0.0031283318603102777 0.0045091981174610095 27.49440033897812 0.002801362984610911 0.0037551324275980668
28.499651401376823 0.03217008051557763 0.006674923399779634 28.499651401376823 0.01060360603183913 0.004311942846779991 28.499651401376823 0.005188630975173246 0.004242384199020884 28.499651401376823 0.002828884667182601 0.003522007532343478 28.499651401376823 0.0030003950251135435 0.004198613235188297
29.4939161523186 0.029788095299682748 0.006796923188323044 29.4939161523186 0.009784172276031938 0.0038565315873526594 29.4939161523186 0.004891572341603225 0.00445337201926001 29.4939161523186 0.0027321406489804684 0.0039047698521131155 29.4939161523186 0.003190689316780704 0.004448351314030798
30.5097846927834 0.02812297281503874 0.00724255138721932 30.5097846927834 0.009442758227678857 0.003925301169091047 30.5097846927834 0.005003669689631146 0.004112225347745869 30.5097846927834 0.003344442848197968 0.0038432415101166293 30.5097846927834 0.002877140464956942 0.003971700695944708
31.508155293510917 0.025281587176037297 0.00616295778387746 31.508155293510917 0.00853909520145828 0.003850815260696891 31.508155293510917 0.0048186625275490926 0.004005838061490596 31.508155293510917 0.0034765392873814522 0.004260822589301021 31.508155293510917 0.0031561670927712634 0.004177235660517501
32.515983915606796 0.02358379975998998 0.005736746539096949 32.515983915606796 0.007893915507264069 0.004416430467764062 32.515983915606796 0.00481223874546303 0.00399909695341927 32.515983915606796 0.0029333854017896716 0.003989133242623893 32.515983915606796 0.0028694127999565394 0.003558555957472101
33.501697300286146 0.022101891705622177 0.005786930446769715 33.501697300286146 0.00759156430309142 0.00388579498377341 33.501697300286146 0.004236702243252276 0.004040958722222928 33.501697300286146 0.0034575491076925696 0.004106902986934519 33.501697300286146 0.002704846942767944 0.003641055881809826
34.50899062563262 0.020875071437655893 0.005842927249042474 34.50899062563262 0.0069388797635457295 0.004000218810071523 34.50899062563262 0.004513040833234805 0.003731222481383381 34.50899062563262 0.0031693978551703174 0.004144184608380924 34.50899062563262 0.0025735519138543484 0.0037678855309405744
35.503175210113255 0.019572937700495174 0.005674819234195613 35.503175210113255 0.006824902300938225 0.0037444802983035365 35.503175210113255 0.004386597191983048 0.004083704734841327 35.503175210113255 0.0036263729130191612 0.0040453543714760905 35.503175210113255 0.0023565165438974097 0.0030143089425915238
36.507892653507135 0.018667078904287274 0.005288076325721932 36.507892653507135 0.006574362817091837 0.004162769626617675 36.507892653507135 0.004148678788634827 0.003583159698960588 36.507892653507135 0.0030009911082238615 0.0034058019651311117 36.507892653507135 0.002509141717135007 0.0030733331200757216
37.49850687694112 0.017476041568466973 0.005092174415638548 37.49850687694112 0.006545179514567146 0.004014888631910366 37.49850687694112 0.003957285949647062 0.003875223946958842 37.49850687694112 0.002975906777857548 0.0035802518357079555 37.49850687694112 0.0026902206804658817 0.0032649130175572824
38.501076062884266 0.015871959094364604 0.005647673625972571 38.501076062884266 0.005604155923290503 0.004102835211417257 38.501076062884266 0.0036636773830576973 0.0039004973150208633 38.501076062884266 0.003091585387126461 0.0034741239551826625 38.501076062884266 0.002635929290159811 0.0036439246488655023
39.49383863338686 0.015101263074973318 0.005149509300680953 39.49383863338686 0.005843536025178255 0.0043358719783452 39.49383863338686 0.003535249248750552 0.004173805786387046 39.49383863338686 0.002667723473509979 0.0034575841990879775 39.49383863338686 0.002622698835520798 0.003680630488033989
40.4944711534797 0.014637761752337457 0.00586775518483359 40.4944711534797 0.00552713846737536 0.004054495682257627 40.4944711534797 0.003050676062707784 0.0037992069855328804 40.4944711534797 0.0028869489803248806 0.0034209065608622573 40.4944711534797 0.0028974838138288916 0.0036110020248829736
41.505712077486294 0.013486309171237533 0.004899218320419719 41.505712077486294 0.005152153579669208 0.004125779757658543 41.505712077486294 0.0036730480601642325 0.003926069060923811 41.505712077486294 0.002619157415240419 0.0029836768897892963 41.505712077486294 0.002352779953166695 0.003703374772103898
42.497740669357945 0.013121912047514617 0.005095287884516643 42.497740669357945 0.005329131221760033 0.004097864021406459 42.497740669357945 0.003491518476428799 0.00395772797706622 42.497740669357945 0.002808420907017512 0.003605360468929139 42.497740669357945 0.0029970701964188804 0.0032877793196463075
43.505019135727316 0.011995450737316355 0.004568736215229825 43.505019135727316 0.004877596262501716 0.0035718485288604132 43.505019135727316 0.0037135387354667805 0.004091367575364174 43.505019135727316 0.002804443147373323 0.003447956428857784 43.505019135727316 0.0024440081595358465 0.0036344275361197267
44.49875440526813 0.011490536379611293 0.005048381498013211 44.49875440526813 0.004783282837996748 0.003592905557656484 44.49875440526813 0.003295152194270301 0.003537323402918549 44.49875440526813 0.0028446863756397597 0.0037951130109944602 44.49875440526813 0.0024284690743723173 0.003627908046151807
45.5100108767291 0.010925378078194074 0.005242709376431563 45.5100108767291 0.004754467936839838 0.0033454127797657167 45.5100108767291 0.003773968485527794 0.004069451109490942 45.5100108767291 0.0028266309178794358 0.0031850371240815575 45.5100108767291 0.002125714416226777 0.0030424070160182575
46.50666053373431 0.010193527912244954 0.0046659860568949675 46.50666053373431 0.004062723739544223 0.0030496648845474814 46.50666053373431 0.003570119612155396 0.0034689856249653784 46.50666053373431 0.0029290638080750973 0.0032980656869831203 46.50666053373431 0.0021119242286446248 0.0027455181818254277
47.504075383065825 0.010248602153456155 0.004595609291246515 47.504075383065825 0.004308236556180071 0.0033909394987007733 47.504075383065825 0.003478369500325711 0.0033952961402824665 47.504075383065825 0.0025195327574355766 0.0032620513179574713 47.504075383065825 0.0024226143174100453 0.0032008054298776254
48.5050386867179 0.009430381318676309 0.0042225847381672215 48.5050386867179 0.004210408176092986 0.0033411280555662192 48.5050386867179 0.0031907297884259623 0.0037064408189729538 48.5050386867179 0.002527229157662808 0.003240056913336058 48.5050386867179 0.002409172126843448 0.0029891727870280924
49.50517558801302 0.008734423947208778 0.0041944315625157035 49.50517558801302 0.004033014175604786 0.003181759666126307 49.50517558801302 0.003315270516658773 0.003392285193937157 49.50517558801302 0.0025834712381789613 0.003334626224841592 49.50517558801302 0.00273844446839463 0.003657846645454006
50.49773889987551 0.008171700300380055 0.004674921417337152 50.49773889987551 0.003976907756611497 0.0030272093072450535 50.49773889987551 0.0032199378229996667 0.0038711561037477332 50.49773889987551 0.0024250985836889146 0.0035678123733474294 50.49773889987551 0.002933865517606513 0.00356108851529824
51.50316271841954 0.00764757252079213 0.004242692928845317 51.50316271841954 0.0037765881371298036 0.003049150239174658 51.50316271841954 0.003616301260132998 0.0036272012907737905 51.50316271841954 0.002486505875012047 0.0031070594301268978 51.50316271841954 0.00315383478131452 0.0033629717910464182
52.499792475780325 0.0072799600792632785 0.004238393223368598 52.499792475780325 0.003729755848791769 0.00317935956516732 52.499792475780325 0.003464513610716193 0.003573631875318385 52.499792475780325 0.0026103337711607805 0.0027567929103043407 52.499792475780325 0.003002688915686691 0.003182277605790715
53.499668653179526 0.0067903208672403115 0.0042280791920656195 53.499668653179526 0.003995500381573893 0.003049485975456363 53.499668653179526 0.0036900402648935154 0.0031554599739010564 53.499668653179526 0.002660559082775997 0.003327118630863257 53.499668653179526 0.0030802825970843656 0.0028412020554755644
54.49505528027291 0.006954545098863727 0.004267027562230631 54.49505528027291 0.0036888875213875088 0.003204670183378495 54.49505528027291 0.002781508412512178 0.0036608468285666026 54.49505528027291 0.0025294545866932383 0.003079331255736061 54.49505528027291 0.0027257583737769564 0.0024567749896067807
55.49361629953486 0.006564303643964608 0.004377965769566594 55.49361629953486 0.003466354181017558 0.0033646923865063255 55.49361629953486 0.00310803084169917 0.003873260392760689 55.49361629953486 0.002852381492197081 0.0031655283014060884 55.49361629953486 0.0031493105093682227 0.003100461097021421
56.50490288461702 0.006538051758714657 0.004375429901033419 56.50490288461702 0.0036009537092209255 0.0033211504635821867 56.50490288461702 0.0033339478913538656 0.0033953441776875277 56.50490288461702 0.0025181724702791107 0.0028056478886957486 56.50490288461702 0.0027642264376122796 0.0030707158082415725
57.50437452924778 0.005946471148203958 0.003922314956573535 57.50437452924778 0.0033110006549617044 0.003040405480530589 57.50437452924778 0.0033893535925439873 0.0033167987268241097 57.50437452924778 0.0024092619293216108 0.002868851729434776 57.50437452924778 0.0027224096001687206 0.002852131186502362
58.510237480290584 0.005784680722355691 0.004278879972243233 58.510237480290584 0.0029405100007410356 0.002991514538564665 58.510237480290584 0.0029925080483430623 0.002835153892052857 58.510237480290584 0.002779950379849117 0.003441326283144758 58.510237480290584 0.003010418324677642 0.003137098858026148
59.499098228460575 0.006011883635708417 0.004134692311591131 59.499098228460575 0.003300668342420917 0.0030623678258581387 59.499098228460575 0.003131176310462156 0.0032242170917041327 59.499098228460575 0.002896552142967924 0.003178628781378513 59.499098228460575 0.002687025555177353 0.003411062656211328
60.49902810789608 0.005458649740742215 0.004262281148882807 60.49902810789608 0.003182690238376748 0.0024375996966746073 60.49902810789608 0.003433825617115978 0.0035096689860204073 60.49902810789608 0.002971586334630145 0.0030782903285049073 60.49902810789608 0.0028205373871873453 0.003340849879712934
61.50725526309884 0.005245983362734363 0.0039306116636450925 61.50725526309884 0.0028055478077962225 0.0028251875797584256 61.50725526309884 0.0035618624865002392 0.003702279536020447 61.50725526309884 0.002895783746638853 0.0033187519491939786 61.50725526309884 0.002864319867092218 0.0032183443564891747
62.503613095564326 0.005416498422564424 0.0032744720843156726 62.503613095564326 0.002851562772107693 0.0030054915689822293 62.503613095564326 0.00338171239218309 0.0037977649328239374 62.503613095564326 0.0028443022683737693 0.002996870256654483 62.503613095564326 0.003003416198348912 0.0034021675763798538
63.50271447741427 0.004963228014918779 0.003291903794055457 63.50271447741427 0.002789444012199943 0.0028831616311570042 63.50271447741427 0.003435988105879696 0.0034839655270456566 63.50271447741427 0.0029087698130081906 0.002669061891750186 63.50271447741427 0.003198092296460781 0.0035126448086413974
64.50336774153733 0.004833432811523293 0.0035374986056534705 64.50336774153733 0.00291804852463924 0.00344960743386651 64.50336774153733 0.0033041032245584604 0.0033482459870970527 64.50336774153733 0.002797579751331416 0.0031828172812080413 64.50336774153733 0.003259497190176588 0.0031951965549274364
65.50235795755754 0.004659319032139603 0.0035623809490706627 65.50235795755754 0.002813859001384175 0.002934535926429681 65.50235795755754 0.002940586961817297 0.0030387373943930904 65.50235795755754 0.003064425828199043 0.0031215573647038657 65.50235795755754 0.0030932455452581517 0.0031635464216624195
