# From normalize_fringe_templates.py
ccdnum  ccdname norm_factor std
  1     S29     1.074    0.423
  2     S30     1.500    0.359
  3     S31     1.010    0.161
  4     S25     1.120    0.257
  5     S26     1.080    0.120
  6     S27     1.130    0.157
  7     S28     1.023    0.212
  8     S20     1.016    0.092
  9     S21     1.018    0.060
 10     S22     0.943    0.108
 11     S23     1.000    0.065
 12     S24     1.000    0.269
 13     S14     1.002    0.192
 14     S15     1.030    0.097
 15     S16     1.040    0.522
 16     S17     1.244    0.312
 17     S18     1.019    0.082
 18     S19     1.082    0.529
 19     S8      0.951    0.077
 20     S9      0.979    0.099
 21     S10     0.958    0.105
 22     S11     0.948    0.127
 23     S12     0.971    0.094
 24     S13     1.113    0.385
 25     S1      0.950    0.153
 26     S2      0.956    0.067
 27     S3      0.963    0.300
 28     S4      0.998    0.166
 29     S5      0.960    0.108
 30     S6      0.986    0.083
 32     N1      1.058    0.189
 33     N2      0.943    0.096
 34     N3      0.992    0.109
 35     N4      0.974    0.132
 36     N5      0.949    0.121
 37     N6      1.015    0.063
 38     N7      1.031    0.185
 39     N8      1.042    0.064
 40     N9      1.028    0.109
 41     N10     0.944    0.165
 42     N11     0.938    0.136
 43     N12     0.978    0.085
 44     N13     1.112    0.207
 45     N14     1.039    0.193
 46     N15     0.916    0.122
 47     N16     0.997    0.182
 48     N17     0.883    0.154
 49     N18     1.019    0.097
 50     N19     1.017    0.231
 51     N20     1.016    0.104
 52     N21     1.009    0.109
 53     N22     1.007    0.144
 54     N23     0.950    0.079
 55     N24     0.913    0.122
 56     N25     1.084    0.299
 57     N26     0.785    0.063
 58     N27     0.946    0.156
 59     N28     0.981    0.166
 60     N29     1.049    0.337
 62     N31     1.024    0.324
